0.0000 666.1081 281.1139 395.6008 291.2044 326.2668 640.8003 426.8782 600.1875 561.4713 1040.9731 655.0191 975.0000 1120.7698 299.0401 260.0481 429.5346 161.5549 305.0000 210.0595 286.9233 46.0977 181.1767 274.5906 410.0305 728.9719 798.5142 707.0007 406.2635 360.0694 146.3728 90.5539 827.3149 135.0926 121.6553 125.0000 207.9663 240.4163 166.2077 208.9258 395.3796 565.7959 463.8157 154.4345 240.2082 279.8660 791.2806 267.3013 64.0312 217.0829 789.3827 1220.4610
666.1081 0.0000 649.3266 1047.0912 945.1455 978.0849 45.0000 956.1511 1134.9559 1132.9828 1638.7877 1258.5905 1440.0781 1515.7259 957.8231 724.0338 494.7727 595.4830 843.4009 564.4688 392.4602 636.4157 509.8284 921.7917 1028.8464 1191.5116 1301.5087 1243.7242 635.0197 390.4485 541.2255 730.0000 1488.7075 782.0806 776.9813 785.0000 857.7004 896.9392 827.9644 869.7413 896.1724 102.5914 1123.7104 744.8825 823.2861 859.0838 1151.2710 910.3021 728.0110 596.2592 1421.5572 1716.0492
281.1139 649.3266 0.0000 603.5106 508.9450 542.5173 610.5735 308.0584 485.6439 487.2628 1266.6886 891.3613 1247.7580 1399.7321 504.8762 537.4012 217.3131 134.6291 207.0024 440.9649 288.5308 240.5203 361.1786 505.6926 652.5335 1005.9448 1067.6376 970.3221 651.2488 504.2073 208.9258 245.2040 903.3964 393.6051 373.6643 367.6955 447.4651 462.0877 392.2372 426.8782 246.9818 550.0909 556.5968 434.1947 219.8295 552.6753 1072.3106 504.8019 288.4874 463.2494 995.3140 1483.5936
395.6008 1047.0912 603.5106 0.0000 104.4031 69.6419 1026.3649 525.0000 611.0033 533.9007 663.1930 294.3637 711.0731 897.0089 100.1249 384.2200 800.2500 532.3533 474.6841 500.6246 681.4873 436.6062 537.7034 125.2996 109.2016 516.2364 526.8064 417.4326 579.8707 689.5288 540.8558 370.5401 517.3490 266.5521 275.1363 270.6012 190.3943 155.2417 230.4886 188.2817 544.5411 950.3289 245.2040 307.0016 411.0961 230.7054 659.5643 137.2953 345.2535 477.6243 397.0202 908.6391
291.2044 945.1455 508.9450 104.4031 0.0000 35.3553 923.5935 470.5582 583.6309 513.4686 760.8055 382.4265 769.0416 944.3119 25.0000 309.2329 700.0714 430.4649 400.7805 406.6018 577.1698 332.4530 436.8352 31.6228 150.0833 552.2681 584.1447 478.5917 509.7548 594.3484 436.6062 270.1851 589.9576 163.2483 170.8801 166.2077 87.4643 50.9902 126.5899 85.1469 479.5050 847.6585 266.6927 212.2499 331.2099 170.6605 673.5911 47.4342 241.8677 386.6846 499.9250 984.4415
326.2668 978.0849 542.5173 69.6419 35.3553 0.0000 957.0397 491.5537 596.0076 523.2590 726.1026 349.2850 744.1942 922.7811 40.3113 328.8237 735.0170 465.6716 427.9311 435.2298 611.9028 367.7295 469.0682 57.0088 124.1974 533.3385 559.1288 452.2168 528.0152 623.6986 471.8315 305.0410 568.2429 196.9772 205.5480 201.3082 120.8305 86.3134 161.9413 120.4159 504.0089 881.0363 260.0481 240.8319 360.0694 182.0027 661.9101 70.7107 277.2183 413.7934 464.5697 954.8953
640.8003 45.0000 610.5735 1026.3649 923.5935 957.0397 0.0000 918.0959 1095.9243 1095.7304 1627.4213 1245.2008 1440.3125 1521.7260 935.3609 713.8627 451.2483 562.2499 807.0006 551.7699 361.7319 609.1387 491.1721 901.1798 1012.4228 1190.0945 1297.7866 1236.7397 636.9655 385.5191 511.5174 701.2311 1459.6318 760.3453 754.2049 761.5773 836.3163 874.7142 804.3942 846.5371 857.5547 76.1577 1094.8059 726.9972 789.3827 844.4229 1156.8276 890.1826 701.7300 584.6366 1405.0801 1715.0656
426.8782 956.1511 308.0584 525.0000 470.5582 491.5537 918.0959 0.0000 183.4394 180.3469 1144.9017 812.0499 1234.3419 1414.2312 452.5483 660.9841 506.5817 381.2152 125.8968 635.9638 580.3878 415.0301 586.7282 486.5439 615.5485 1022.8025 1049.4046 941.0765 831.0385 758.7654 457.2199 338.7108 645.1550 455.0000 435.4595 421.5448 460.5703 446.0101 413.8236 421.5744 64.0312 855.8621 359.0265 529.7405 187.4166 598.5399 1135.8917 495.1010 383.4384 643.8167 860.1453 1430.4720
600.1875 1134.9559 485.6439 611.0033 583.6309 596.0076 1095.9243 183.4394 0.0000 83.2166 1165.6114 873.8564 1316.7574 1507.1165 561.4713 817.9548 670.3171 564.6459 308.0584 810.2469 763.2169 593.0430 766.5507 606.2384 714.1778 1126.1106 1134.5484 1024.4633 998.2109 940.4919 640.3124 510.0245 570.1973 606.9802 589.4277 574.6738 596.0914 571.9484 557.8530 555.0000 239.2697 1035.5916 389.9359 685.5837 360.8670 733.8937 1257.0601 617.8390 550.5679 815.1380 883.2327 1486.7750
561.4713 1132.9828 487.2628 533.9007 513.4686 523.2590 1095.7304 180.3469 83.2166 0.0000 1082.6472 792.0859 1236.5779 1428.2944 490.4335 763.6917 686.4765 547.9507 290.9038 770.2759 751.4819 560.2901 734.9320 537.8197 638.8466 1049.9762 1055.0474 944.9339 950.0526 912.1403 619.2940 471.0096 500.8992 552.2681 536.1436 521.1766 533.6666 506.2114 499.9250 492.4429 243.9775 1031.9520 307.7743 631.9810 329.0137 669.6454 1185.1688 550.2727 507.0010 771.9618 800.0781 1404.0388
1040.9731 1638.7877 1266.6886 663.1930 760.8055 726.1026 1627.4213 1144.9017 1165.6114 1082.6472 0.0000 387.0723 442.7189 619.5563 762.3647 914.8224 1460.6933 1190.0945 1124.2998 1075.6626 1314.1727 1085.5644 1143.5253 770.0162 631.2686 541.0407 417.4326 417.6422 1042.4131 1250.9696 1186.7814 1030.9825 706.1338 905.8835 920.3396 920.0543 835.0599 810.3857 885.1271 845.5324 1180.0424 1552.3208 789.2401 912.9211 1067.9537 786.6702 705.1596 775.0645 1000.0125 1042.9286 285.0439 398.5599
655.0191 1258.5905 891.3613 294.3637 382.4265 349.2850 1245.2008 812.0499 873.8564 792.0859 387.0723 0.0000 452.1338 653.2419 388.1044 537.7034 1078.3552 806.8767 768.8465 694.1362 927.1596 700.0179 758.1721 387.6209 245.0000 335.0373 283.2402 182.4829 688.1860 874.6428 800.3905 650.5767 584.2089 520.0000 535.2102 535.8405 450.9989 429.9419 503.0159 465.2956 836.3163 1169.6260 484.3810 526.1179 705.3014 401.4038 517.4215 391.1521 616.6441 662.5896 188.2153 618.5669
975.0000 1440.0781 1247.7580 711.0731 769.0416 744.1942 1440.3125 1234.3419 1316.7574 1236.5779 442.7189 452.1338 0.0000 205.5480 784.0918 759.2760 1399.5088 1136.5408 1169.4657 919.9185 1194.7594 1020.4166 1008.1915 759.9507 620.0806 254.0177 185.0676 293.6409 805.2484 1056.1842 1103.6530 1004.1539 1010.3588 854.1809 874.3140 881.1924 806.9232 804.3165 862.6993 836.3761 1248.0785 1371.3132 930.8598 821.7208 1098.3283 696.0244 324.4226 755.8604 959.2836 884.5903 539.6758 278.6575
1120.7698 1515.7259 1399.7321 897.0089 944.3119 922.7811 1521.7260 1414.2312 1507.1165 1428.2944 619.5563 653.2419 205.5480 0.0000 961.6912 883.8835 1534.2180 1280.6737 1340.6342 1034.6497 1313.2022 1164.6888 1127.2089 931.3565 799.1558 396.0114 374.4329 484.1746 887.4261 1146.4838 1238.7897 1160.8725 1215.9050 1009.7153 1030.5945 1039.2545 971.4036 974.5897 1026.1579 1004.4526 1423.0425 1457.4807 1125.2777 966.3980 1267.5666 848.7638 364.9658 925.2162 1113.5641 1000.1250 744.6476 318.9044
299.0401 957.8231 504.8762 100.1249 25.0000 40.3113 935.3609 452.5483 561.4713 490.4335 762.3647 388.1044 784.0918 961.6912 0.0000 332.4154 700.1607 432.3482 387.6209 424.7941 585.8754 338.6001 451.0543 55.9017 164.0122 571.0736 599.0409 492.3667 533.1276 611.6576 443.0011 270.4163 568.7047 176.1391 181.1767 174.6425 102.5914 61.0328 132.8533 90.1388 464.0043 859.5929 241.8677 231.1385 319.8828 195.5761 695.5933 71.5891 246.2214 406.0788 497.0412 995.1131
260.0481 724.0338 537.4012 384.2200 309.2329 328.8237 713.8627 660.9841 817.9548 763.6917 914.8224 537.7034 759.2760 883.8835 332.4154 0.0000 650.7111 407.8296 548.8625 165.0757 435.4882 297.0690 249.0984 277.7139 326.4966 505.6926 597.5366 525.8564 200.8109 337.0831 356.7212 330.9456 897.0647 211.4829 228.5279 243.3105 244.1823 283.7693 265.0472 282.1790 640.7808 639.5311 570.0877 132.3820 476.3665 155.7241 539.4905 261.9637 281.8244 130.3840 710.1056 1022.6681
429.5346 494.7727 217.3131 800.2500 700.0714 735.0170 451.2483 506.5817 670.3171 686.4765 1460.6933 1078.3552 1399.5088 1534.2180 700.1607 650.7111 0.0000 271.6616 421.0998 512.0791 253.0316 383.4384 418.0012 691.1584 834.3411 1149.4781 1226.0200 1136.3318 707.4249 492.3921 296.1841 430.0000 1120.2901 561.4713 544.5181 542.7937 627.4153 650.3076 575.7821 615.1829 442.6342 408.0747 773.2561 579.0078 436.5776 708.2549 1187.6974 687.2045 461.7359 543.6221 1196.5053 1649.3711
161.5549 595.4830 134.6291 532.3533 430.4649 465.6716 562.2499 381.2152 564.6459 547.9507 1190.0945 806.8767 1136.5408 1280.6737 432.3482 407.8296 271.6616 0.0000 258.1182 306.4719 205.2438 116.2970 229.4014 420.1190 562.6944 890.0000 959.9088 867.4388 516.7688 385.0325 80.1561 162.7882 903.2442 290.2585 272.9469 271.1549 355.8792 380.1316 305.0000 345.3259 330.4921 492.9757 541.1331 315.3569 228.0351 441.2766 946.0048 415.7523 190.2630 328.6716 929.3681 1381.2042
305.0000 843.4009 207.0024 474.6841 400.7805 427.9311 807.0006 125.8968 308.0584 290.9038 1124.2998 768.8465 1169.4657 1340.6342 387.6209 548.8625 421.0998 258.1182 0.0000 512.4451 460.6517 290.1724 460.9772 410.0305 550.6814 945.4761 984.7335 879.3321 711.0028 632.9494 332.4154 219.8295 700.5890 350.8917 330.1893 317.5689 371.2479 366.2308 318.9044 336.3406 91.9239 741.9232 367.7635 420.3867 75.0000 504.4799 1044.8445 415.4816 267.4416 521.9674 843.4453 1381.9551
210.0595 564.4688 440.9649 500.6246 406.6018 435.2298 551.7699 635.9638 810.2469 770.2759 1075.6626 694.1362 919.9185 1034.6497 424.7941 165.0757 512.0791 306.4719 512.4451 0.0000 278.5678 223.6068 94.3398 378.4508 467.3863 665.9016 761.6430 690.8871 210.2974 189.0106 236.0085 300.3748 990.0126 256.5638 261.7728 275.0455 322.6841 365.5475 313.8471 348.1738 601.0408 476.7075 638.1614 194.4865 450.0278 295.4657 679.7794 364.5888 263.8655 35.3553 859.0693 1186.0860
286.9233 392.4602 288.5308 681.4873 577.1698 611.9028 361.7319 580.3878 763.2169 751.4819 1314.1727 927.1596 1194.7594 1313.2022 585.8754 435.4882 253.0316 205.2438 460.6517 278.5678 0.0000 250.5993 186.8154 558.4129 684.7262 941.0765 1030.9704 952.2211 459.1568 241.5057 150.0000 340.0368 1097.9640 416.2031 406.3558 411.4000 491.8587 526.7115 453.1004 495.8074 525.0238 289.9138 733.2462 401.5283 433.0416 530.3772 957.5490 549.4770 344.4198 313.1294 1072.0075 1456.7086
46.0977 636.4157 240.5203 436.6062 332.4530 367.7295 609.1387 415.0301 593.0430 560.2901 1085.5644 700.0179 1020.4166 1164.6888 338.6001 297.0690 383.4384 116.2970 290.1724 223.6068 250.5993 0.0000 174.6425 317.5295 455.0275 773.7086 844.3341 753.0770 428.5149 352.5975 104.4031 97.0824 852.9508 180.0694 165.3028 166.8832 251.2469 281.4694 206.1553 248.6463 377.6903 535.0234 488.1086 199.0603 232.6478 325.7299 832.4062 311.0064 93.9415 237.1708 831.8654 1266.4912
181.1767 509.8284 361.1786 537.7034 436.8352 469.0682 491.1721 586.7282 766.5507 734.9320 1143.5253 758.1721 1008.1915 1127.2089 451.0543 249.0984 418.0012 229.4014 460.9772 94.3398 186.8154 174.6425 0.0000 412.4621 521.7758 754.4037 845.9314 770.1461 296.0152 179.2345 152.3155 267.4416 1001.9606 275.0000 272.8095 282.9311 349.4639 390.0320 325.5764 365.5475 545.0229 415.0301 641.1318 235.8495 406.9705 356.9314 773.6924 400.6557 244.3870 127.4755 914.1663 1271.4165
274.5906 921.7917 505.6926 125.2996 31.6228 57.0088 901.1798 486.5439 606.2384 537.8197 770.0162 387.6209 759.9507 931.3565 55.9017 277.7139 691.1584 420.1190 410.0305 378.4508 558.4129 317.5295 412.4621 0.0000 147.0544 537.4012 575.6084 472.0699 478.1736 566.7892 420.8622 263.0589 620.8462 142.3025 152.9706 150.7481 66.7083 44.7214 115.4340 79.0569 491.7571 825.1212 297.6995 183.9837 338.3785 140.0893 652.5527 15.8114 230.0000 357.5262 514.8058 981.5422
410.0305 1028.8464 652.5335 109.2016 150.0833 124.1974 1012.4228 615.5485 714.1778 638.8466 631.2686 245.0000 620.0806 799.1558 164.0122 326.4966 834.3411 562.6944 550.6814 467.3863 684.7262 455.0275 521.7758 147.0544 0.0000 412.0983 435.0287 328.6716 509.1414 654.3126 555.5628 408.9315 605.8259 275.0000 290.3877 291.5476 207.1835 191.3766 260.8639 226.1084 628.0127 936.3760 354.4009 286.4001 481.2744 173.3494 550.6814 148.0709 372.7264 439.0900 392.7467 835.1347
728.9719 1191.5116 1005.9448 516.2364 552.2681 533.3385 1190.0945 1022.8025 1126.1106 1049.9762 541.0407 335.0373 254.0177 396.0114 571.0736 505.6926 1149.4781 890.0000 945.4761 665.9016 941.0765 773.7086 754.4037 537.4012 412.0983 0.0000 126.1943 158.9025 558.7933 805.0155 853.3024 765.5064 917.3058 614.3696 635.1378 643.5254 575.5432 580.0000 630.1785 609.1387 1028.9922 1120.1004 755.7943 574.6738 872.0665 453.6794 185.5398 530.5186 718.6793 630.5751 496.0091 525.0000
798.5142 1301.5087 1067.6376 526.8064 584.1447 559.1288 1297.7866 1049.4046 1134.5484 1055.0474 417.4326 283.2402 185.0676 374.4329 599.0409 597.5366 1226.0200 959.9088 984.7335 761.6430 1030.9704 844.3341 845.9314 575.6084 435.0287 126.1943 0.0000 110.1136 673.6653 912.3185 931.4505 823.1191 861.9310 674.2589 693.9921 700.1785 624.1194 620.1008 680.0000 652.5527 1063.0381 1226.2341 751.0326 647.0124 913.9065 518.6521 291.5476 571.9484 779.3106 726.3952 410.4875 425.7934
707.0007 1243.7242 970.3221 417.4326 478.5917 452.2168 1236.7397 941.0765 1024.4633 944.9339 417.6422 182.4829 293.6409 484.1746 492.3667 525.8564 1136.3318 867.4388 879.3321 690.8871 952.2211 753.0770 770.1461 472.0699 328.6716 158.9025 110.1136 0.0000 629.6825 853.2878 844.3489 725.1552 766.5507 578.7055 597.7039 602.7645 523.9275 516.7688 579.7629 550.0909 956.1511 1163.4539 641.1123 559.0170 809.4751 428.5149 344.4198 469.5743 683.1179 656.2202 337.2314 513.9309
406.2635 635.0197 651.2488 579.8707 509.7548 528.0152 636.9655 831.0385 998.2109 950.0526 1042.4131 688.1860 805.2484 887.4261 533.1276 200.8109 707.4249 516.7688 711.0028 210.2974 459.1568 428.5149 296.0152 478.1736 509.1414 558.7933 673.6653 629.6825 0.0000 259.6151 445.2247 492.3921 1095.6733 401.9950 415.7523 430.7261 443.8468 484.2004 458.9390 480.5206 801.6389 570.6356 770.6004 322.4903 643.6226 349.1776 522.8049 462.3851 448.3860 191.3766 871.4499 1081.9543
360.0694 390.4485 504.2073 689.5288 594.3484 623.6986 385.5191 758.7654 940.4919 912.1403 1250.9696 874.6428 1056.1842 1146.4838 611.6576 337.0831 492.3921 385.0325 632.9494 189.0106 241.5057 352.5975 179.2345 566.7892 654.3126 805.0155 912.3185 853.2878 259.6151 0.0000 305.1639 446.5983 1172.9024 439.3177 441.1916 453.0177 509.1169 551.5886 494.2924 531.5073 712.9691 315.1587 815.5520 382.8838 583.3095 481.2744 782.1924 553.1727 422.6701 215.2324 1044.2821 1330.0094
146.3728 541.2255 208.9258 540.8558 436.6062 471.8315 511.5174 457.2199 640.3124 619.2940 1186.7814 800.3905 1103.6530 1238.7897 443.0011 356.7212 296.1841 80.1561 332.4154 236.0085 150.0000 104.4031 152.3155 420.8622 555.5628 853.3024 931.4505 844.3489 445.2247 305.1639 0.0000 190.0658 948.1166 281.1139 268.0019 270.6474 354.2951 385.6488 310.4835 353.0227 408.7175 438.9191 583.3095 285.3507 292.9590 415.9327 895.8795 413.6726 197.8004 262.0115 935.5747 1355.9130
90.5539 730.0000 245.2040 370.5401 270.1851 305.0410 701.2311 338.7108 510.0245 471.0096 1030.9825 650.5767 1004.1539 1160.8725 270.4163 330.9456 430.0000 162.7882 219.8295 300.3748 340.0368 97.0824 267.4416 263.0589 408.9315 765.5064 823.1191 725.1552 492.3921 446.5983 190.0658 0.0000 758.7160 151.1622 130.3840 122.9837 202.6080 220.9072 148.0709 185.6071 311.4884 628.0326 393.7321 207.0024 151.3275 312.1298 845.0000 260.8639 50.0000 305.6550 767.3493 1238.3961
827.3149 1488.7075 903.3964 517.3490 589.9576 568.2429 1459.6318 645.1550 570.1973 500.8992 706.1338 584.2089 1010.3588 1215.9050 568.7047 897.0647 1120.2901 903.2442 700.5890 990.0126 1097.9640 852.9508 1001.9606 620.8462 605.8259 917.3058 861.9310 766.5507 1095.6733 1172.9024 948.1166 758.7160 0.0000 734.0981 731.7445 720.2257 668.5058 625.4998 678.6199 642.0280 704.0064 1386.7318 365.0000 798.8116 687.7863 747.0107 1095.1826 636.3175 763.7081 973.6658 474.6841 1088.7263
135.0926 782.0806 393.6051 266.5521 163.2483 196.9772 760.3453 455.0000 606.9802 552.2681 905.8835 520.0000 854.1809 1009.7153 176.1391 211.4829 561.4713 290.2585 350.8917 256.5638 416.2031 180.0694 275.0000 142.3025 275.0000 614.3696 674.2589 578.7055 401.9950 439.3177 281.1139 151.1622 734.0981 0.0000 21.2132 33.5410 76.1577 115.1086 58.5235 92.1954 441.6163 684.4158 382.3938 80.0000 276.1340 161.0124 697.2266 133.4166 105.1190 243.7724 656.2202 1092.6230
121.6553 776.9813 373.6643 275.1363 170.8801 205.5480 754.2049 435.4595 589.4277 536.1436 920.3396 535.2102 874.3140 1030.5945 181.1767 228.5279 544.5181 272.9469 330.1893 261.7728 406.3558 165.3028 272.8095 152.9706 290.3877 635.1378 693.9921 597.7039 415.7523 441.1916 268.0019 130.3840 731.7445 21.2132 0.0000 15.0000 86.3134 120.8305 53.1507 93.0054 421.0998 678.4725 376.4638 96.1769 255.5386 182.0027 718.4184 145.7738 85.4400 251.6446 667.7762 1111.5417
125.0000 785.0000 367.6955 270.6012 166.2077 201.3082 761.5773 421.5448 574.6738 521.1766 920.0543 535.8405 881.1924 1039.2545 174.6425 243.3105 542.7937 271.1549 317.5689 275.0455 411.4000 166.8832 282.9311 150.7481 291.5476 643.5254 700.1785 602.7645 430.7261 453.0177 270.6474 122.9837 720.2257 33.5410 15.0000 0.0000 85.0000 115.4340 43.0116 85.0000 408.1666 686.0029 363.5932 111.0180 242.7447 191.4419 729.5547 145.0000 81.3941 265.7066 665.0188 1116.3557
207.9663 857.7004 447.4651 190.3943 87.4643 120.8305 836.3163 460.5703 596.0914 533.6666 835.0599 450.9989 806.9232 971.4036 102.5914 244.1823 627.4153 355.8792 371.2479 322.6841 491.8587 251.2469 349.4639 66.7083 207.1835 575.5432 624.1194 523.9275 443.8468 509.1169 354.2951 202.6080 668.5058 76.1577 86.3134 85.0000 0.0000 43.0116 55.9017 41.2311 457.7390 760.3453 327.2996 130.3840 297.0690 138.6542 676.0362 60.0000 165.6804 305.1639 581.4852 1036.4000
240.4163 896.9392 462.0877 155.2417 50.9902 86.3134 874.7142 446.0101 571.9484 506.2114 810.3857 429.9419 804.3165 974.5897 61.0328 283.7693 650.3076 380.1316 366.2308 365.5475 526.7115 281.4694 390.0320 44.7214 191.3766 580.0000 620.1008 516.7688 484.2004 551.5886 385.6488 220.9072 625.4998 115.1086 120.8305 115.4340 43.0116 0.0000 75.6637 35.3553 449.0267 798.8899 286.4001 173.3494 294.1088 163.7834 690.6700 49.4975 191.0497 348.1738 550.8403 1026.1701
166.2077 827.9644 392.2372 230.4886 126.5899 161.9413 804.3942 413.8236 557.8530 499.9250 885.1271 503.0159 862.6993 1026.1579 132.8533 265.0472 575.7821 305.0000 318.9044 313.8471 453.1004 206.1553 325.5764 115.4340 260.8639 630.1785 680.0000 579.7629 458.9390 494.2924 310.4835 148.0709 678.6199 58.5235 53.1507 43.0116 55.9017 75.6637 0.0000 42.7200 407.0012 728.8690 324.4226 136.4734 244.1823 186.0108 726.2231 112.8051 115.4340 302.0761 626.4982 1092.0165
208.9258 869.7413 426.8782 188.2817 85.1469 120.4159 846.5371 421.5744 555.0000 492.4429 845.5324 465.2956 836.3761 1004.4526 90.1388 282.1790 615.1829 345.3259 336.3406 348.1738 495.8074 248.6463 365.5475 79.0569 226.1084 609.1387 652.5527 550.0909 480.5206 531.5073 353.0227 185.6071 642.0280 92.1954 93.0054 85.0000 41.2311 35.3553 42.7200 0.0000 421.0998 770.9248 293.4706 161.5549 263.1539 179.2345 714.3704 80.6226 157.0032 333.6540 584.8290 1060.3891
395.3796 896.1724 246.9818 544.5411 479.5050 504.0089 857.5547 64.0312 239.2697 243.9775 1180.0424 836.3163 1248.0785 1423.0425 464.0043 640.7808 442.6342 330.4921 91.9239 601.0408 525.0238 377.6903 545.0229 491.7571 628.0127 1028.9922 1063.0381 956.1511 801.6389 712.9691 408.7175 311.4884 704.0064 441.6163 421.0998 408.1666 457.7390 449.0267 407.0012 421.0998 0.0000 796.4923 401.9950 512.0791 165.6050 593.0008 1133.1593 498.5228 359.3397 611.8823 896.3537 1453.0829
565.7959 102.5914 550.0909 950.3289 847.6585 881.0363 76.1577 855.8621 1035.5916 1031.9520 1552.3208 1169.6260 1371.3132 1457.4807 859.5929 639.5311 408.0747 492.9757 741.9232 476.7075 289.9138 535.0234 415.0301 825.1212 936.3760 1120.1004 1226.2341 1163.4539 570.6356 315.1587 438.9191 628.0326 1386.7318 684.4158 678.4725 686.0029 760.3453 798.8899 728.8690 770.9248 796.4923 0.0000 1021.7632 650.8648 720.8502 768.6677 1092.5429 814.0792 627.1563 509.9020 1329.0034 1645.0684
463.8157 1123.7104 556.5968 245.2040 266.6927 260.0481 1094.8059 359.0265 389.9359 307.7743 789.2401 484.3810 930.8598 1125.2777 241.8677 570.0877 773.2561 541.1331 367.7635 638.1614 733.2462 488.1086 641.1318 297.6995 354.4009 755.7943 751.0326 641.1123 770.6004 815.5520 583.3095 393.7321 365.0000 382.3938 376.4638 363.5932 327.2996 286.4001 324.4226 293.4706 401.9950 1021.7632 0.0000 455.0000 336.7863 437.3214 904.4612 313.2491 399.9062 626.0990 504.2321 1097.2010
154.4345 744.8825 434.1947 307.0016 212.2499 240.8319 726.9972 529.7405 685.5837 631.9810 912.9211 526.1179 821.7208 966.3980 231.1385 132.3820 579.0078 315.3569 420.3867 194.4865 401.5283 199.0603 235.8495 183.9837 286.4001 574.6738 647.0124 559.0170 322.4903 382.8838 285.3507 207.0024 798.8116 80.0000 96.1769 111.0180 130.3840 173.3494 136.4734 161.5549 512.0791 650.8648 455.0000 0.0000 346.7708 130.8625 640.4100 170.2939 157.0032 175.0000 678.3989 1070.8058
240.2082 823.2861 219.8295 411.0961 331.2099 360.0694 789.3827 187.4166 360.8670 329.0137 1067.9537 705.3014 1098.3283 1267.5666 319.8828 476.3665 436.5776 228.0351 75.0000 450.0278 433.0416 232.6478 406.9705 338.3785 481.2744 872.0665 913.9065 809.4751 643.6226 583.3095 292.9590 151.3275 687.7863 276.1340 255.5386 242.7447 297.0690 294.1088 244.1823 263.1539 165.6050 720.8502 336.7863 346.7708 0.0000 429.5637 969.9098 343.0015 196.4688 456.7549 790.1424 1314.9620
279.8660 859.0838 552.6753 230.7054 170.6605 182.0027 844.4229 598.5399 733.8937 669.6454 786.6702 401.4038 696.0244 848.7638 195.5761 155.7241 708.2549 441.2766 504.4799 295.4657 530.3772 325.7299 356.9314 140.0893 173.3494 453.6794 518.6521 428.5149 349.1776 481.2744 415.9327 312.1298 747.0107 161.0124 182.0027 191.4419 138.6542 163.7834 186.0108 179.2345 593.0008 768.6677 437.3214 130.8625 429.5637 0.0000 540.3702 125.0000 265.0000 266.1766 563.6488 941.1164
791.2806 1151.2710 1072.3106 659.5643 673.5911 661.9101 1156.8276 1135.8917 1257.0601 1185.1688 705.1596 517.4215 324.4226 364.9658 695.5933 539.4905 1187.6974 946.0048 1044.8445 679.7794 957.5490 832.4062 773.6924 652.5527 550.6814 185.5398 291.5476 344.4198 522.8049 782.1924 895.8795 845.0000 1095.1826 697.2266 718.4184 729.5547 676.0362 690.6700 726.2231 714.3704 1133.1593 1092.5429 904.4612 640.4100 969.9098 540.3702 0.0000 642.3589 795.5030 646.2585 681.5424 597.7458
267.3013 910.3021 504.8019 137.2953 47.4342 70.7107 890.1826 495.1010 617.8390 550.2727 775.0645 391.1521 755.8604 925.2162 71.5891 261.9637 687.2045 415.7523 415.4816 364.5888 549.4770 311.0064 400.6557 15.8114 148.0709 530.5186 571.9484 469.5743 462.3851 553.1727 413.6726 260.8639 636.3175 133.4166 145.7738 145.0000 60.0000 49.4975 112.8051 80.6226 498.5228 814.0792 313.2491 170.2939 343.0015 125.0000 642.3589 0.0000 225.4994 343.1108 522.8049 980.4718
64.0312 728.0110 288.4874 345.2535 241.8677 277.2183 701.7300 383.4384 550.5679 507.0010 1000.0125 616.6441 959.2836 1113.5641 246.2214 281.8244 461.7359 190.2630 267.4416 263.8655 344.4198 93.9415 244.3870 230.0000 372.7264 718.6793 779.3106 683.1179 448.3860 422.6701 197.8004 50.0000 763.7081 105.1190 85.4400 81.3941 165.6804 191.0497 115.4340 157.0032 359.3397 627.1563 399.9062 157.0032 196.4688 265.0000 795.5030 225.4994 0.0000 265.1886 741.7715 1196.9231
217.0829 596.2592 463.2494 477.6243 386.6846 413.7934 584.6366 643.8167 815.1380 771.9618 1042.9286 662.5896 884.5903 1000.1250 406.0788 130.3840 543.6221 328.6716 521.9674 35.3553 313.1294 237.1708 127.4755 357.5262 439.0900 630.5751 726.3952 656.2202 191.3766 215.2324 262.0115 305.6550 973.6658 243.7724 251.6446 265.7066 305.1639 348.1738 302.0761 333.6540 611.8823 509.9020 626.0990 175.0000 456.7549 266.1766 646.2585 343.1108 265.1886 0.0000 829.6083 1150.7606
789.3827 1421.5572 995.3140 397.0202 499.9250 464.5697 1405.0801 860.1453 883.2327 800.0781 285.0439 188.2153 539.6758 744.6476 497.0412 710.1056 1196.5053 929.3681 843.4453 859.0693 1072.0075 831.8654 914.1663 514.8058 392.7467 496.0091 410.4875 337.2314 871.4499 1044.2821 935.5747 767.3493 474.6841 656.2202 667.7762 665.0188 581.4852 550.8403 626.4982 584.8290 896.3537 1329.0034 504.2321 678.3989 790.1424 563.6488 681.5424 522.8049 741.7715 829.6083 0.0000 624.8200
1220.4610 1716.0492 1483.5936 908.6391 984.4415 954.8953 1715.0656 1430.4720 1486.7750 1404.0388 398.5599 618.5669 278.6575 318.9044 995.1131 1022.6681 1649.3711 1381.2042 1381.9551 1186.0860 1456.7086 1266.4912 1271.4165 981.5422 835.1347 525.0000 425.7934 513.9309 1081.9543 1330.0094 1355.9130 1238.3961 1088.7263 1092.6230 1111.5417 1116.3557 1036.4000 1026.1701 1092.0165 1060.3891 1453.0829 1645.0684 1097.2010 1070.8058 1314.9620 941.1164 597.7458 980.4718 1196.9231 1150.7606 624.8200 0.0000
